[N
28
15
4 size
21
16 result_alignment
12
12 parallel_add
4
9 lpm_width
19
14 representation
17
5 shift
7
8 lpm_type
1
49 /usr/local/quartus/questa_fse/intel/vhdl/220model
16
6 widthr
24
3 rtl
25
4 bits
23
10 multiplier
9
11 lpm_add_sub
8
8 lpm_hint
11
50 /usr/local/quartus/questa_fse/intel/vhdl/altera_mf
14
5 width
3
7 lpm_syn
26
4 macs
20
8 pipeline
6
12 lpm_pipeline
22
75 /home/juanfelipe/Documents/universidad/tesis/hardware/MACs_with_memory/work
10
18 lpm_representation
5
13 lpm_direction
27
9 mult_bits
28
8 sum_bits
18
12 msw_subtract
2
20 lpm_add_sub_unsigned
13
9 behaviour
]
[G
11
12
13
1
20
0
0
1
0
0 0
0
0
]
[G
22
26
24
1
28
1
0
20
0
0 0
0
0
]
[G
1
2
3
1
6
0
0
0
0
0 0
0
0
]
[G
1
9
3
1
4
1
0
20
0
0 0
0
0
]
[G
1
2
3
1
5
0
0
0
0
6 0
85
78
85
83
69
68
1
1
1 6 1 1
]
[G
1
9
3
1
7
0
0
0
0
11 0
76
80
77
95
65
68
68
95
83
85
66
1
1
1 11 1 1
]
[G
11
12
13
1
18
0
0
0
0
2 0
78
79
1
1
1 2 1 1
]
[G
1
9
3
1
8
0
0
0
0
36 0
79
78
69
95
73
78
80
85
84
95
73
83
95
67
79
78
83
84
65
78
84
61
78
79
44
67
73
78
95
85
83
69
68
61
78
79
1
1
1 36 1 1
]
[G
22
23
24
1
25
1
0
16
0
0 0
0
0
]
[G
11
12
13
1
15
1
0
16
0
0 0
0
0
]
[G
1
9
3
1
6
0
0
0
0
0 0
0
0
]
[G
11
12
13
1
21
0
0
0
0
3 0
76
83
66
1
1
1 3 1 1
]
[G
1
9
3
1
10
1
0
0
0
8 8
85
78
83
73
71
78
69
68
1
1
1 8 1 1
]
[G
1
9
3
1
5
0
0
0
0
6 0
85
78
85
83
69
68
1
1
1 6 1 1
]
[G
11
12
13
1
19
0
0
0
0
8 8
85
78
83
73
71
78
69
68
1
1
1 8 1 1
]
[G
1
2
3
1
4
1
0
20
0
0 0
0
0
]
[G
11
12
13
1
17
0
0
1
0
0 0
0
0
]
[G
11
12
13
1
7
0
0
0
0
12 0
112
97
114
97
108
108
101
108
95
97
100
100
1
1
1 12 1 1
]
[G
11
12
13
1
16
1
0
32
0
0 0
0
0
]
[G
1
2
3
1
7
0
0
0
0
11 0
76
80
77
95
65
68
68
95
83
85
66
1
1
1 11 1 1
]
[G
11
12
13
1
8
0
0
0
0
6 0
85
78
85
83
69
68
1
1
1 6 1 1
]
[G
22
26
24
1
27
1
0
16
0
0 0
0
0
]
[G
1
2
3
1
8
0
0
0
0
36 0
79
78
69
95
73
78
80
85
84
95
73
83
95
67
79
78
83
84
65
78
84
61
78
79
44
67
73
78
95
85
83
69
68
61
78
79
1
1
1 36 1 1
]
[G
11
12
13
1
14
1
0
16
0
0 0
0
0
]
